126793
114193
130629
99324
113711
130439
121376
97763
125273
102699
91530
113593
124637
145069
124627
127921
124206
92722
129121
117496
125158
122794
145699
110614
106915
105884
105248
128267
134334
112464
127566
134667
138620
130541
138885
141956
121423
108568
131109
116252
126357
135769
111231
110124
134499
120076
101862
139170
137049
125614
112107
120749
129273
127296
129431
129779
126662
110929
130830
134605
115587
132329
139708
117976
136763
116278
141480
110335
117330
133833
128908
99625
132030
123222
132587
113136
139243
133408
138815
125213
116428
125288
130569
132284
96725
132782
131949
132131
134765
97753
140032
132525
106806
123188
104615
112251
122706
119714
125800
118726
163374
111989
134615
116580
125197
135780
141197
140760
145580
137446
137208
144372
121638
118230
120361
109607
116753
140933
125407
139831
107556
108131
140373
126582
116619
113839
134446
118767
145855
119520
141656
157886
139758
106970
129552
121900
130925
114352
163903
127544
127231
108624
138106
130011
126844
124863
115832
116019
115071
139303
123127
117302
139018
130023
171792
131175
130011
110530
117781
122421
146898
113583
114495
145802
101372
107849
132166
129182
100749
143828
107279
148548
126452
98229
120182
111524
152428
111120
106100
134627
108883
132683
135355
101350
125462
109803
140487
124918
125130
113211
142770
138146
132542
108760
100234
110567
108971
114673
152801
123117
108396
99139
126551
126885
125819
122045
130001
141737
118408
130542
140591
106111
123999
111797
159706
120307
139532
120367
129067
116633
119570
99141
106442
132600
120265
118979
147766
126181
116367
115210
137282
140739
118750
130425
103340
116322
112970
111676
113059
131742
135415
135159
110659
131730
127356
140791
119930
136503
130030
139126
113927
117779
140609
106809
116465
119900
94648
123174
130095
113827
125673
138212
137422
125921
147636
108933
147448
117644
125019
103270
135162
125918
115095
99030
153751
140431
115229
88674
127310
135702
127715
126073
137399
120951
125543
144972
124090
128437
138331
131380
156513
109872
99619
128103
131433
125592
82232
133471
137417
138563
117165
124340
119202
126452
118996
131023
107869
141006
163508
150494
101579
113379
126379
130372
135524
117128
128952
117795
157225
106736
123239
128142
108040
127640
123102
124431
92741
113682
141610
143184
125185
90856
128945
134164
121029
108679
140632
138362
116782
132806
121670
128418
126682
146624
137471
137844
113858
127228
127402
112653
125121
129071
122469
100298
112524
120409
120363
134093
131180
132399
131317
128377
116254
137779
135379
110554
148429
133203
100271
153004
140820
99946
130502
143310
134899
161799
120107
94792
120752
126436
154669
109488
120871
140744
127439
105834
138816
130685
132066
102487
149291
121010
143729
133854
116907
143474
161667
140202
117050
151617
118551
129501
107333
104944
126409
112644
121971
132943
124525
94486
138982
145864
114187
124836
129853
93985
138596
119014
111560
108241
137445
101694
109533
122914
131399
140793
114538
135284
158993
113739
108729
127444
122127
119521
142947
170059
143506
112811
106507
129900
126994
130576
94551
115466
108594
126563
127754
140278
115925
123488
115992
141725
86379
128328
143098
136785
99950
100977
148829
99651
130439
142929
109221
123809
128441
145318
124403
142816
112168
141338
124546
120089
105170
117549
119389
124289
130040
141709
130325
124578
135585
131931
112435
126769
118928
132504
140179
149431
138124
124077
126761
127254
127511
134157
126964
127434
110379
130442
137464
108805
138057
121151
120073
126797
137118
116795
114990
130475
113957
122959
114759
116317
134907
167585
114420
134650
135125
128100
112502
109185
114283
112693
137491
122610
123158
133686
136286
138099
118234
94071
102123
103110
153163
101903
117831
130219
133449
140547
125148
130543
126630
121499
135778
124844
102531
128939
135831
149887
125824
104779
142841
138074
139832
123986
121454
122042
126098
110252
131715
109755
138232
156950
123805
103138
126508
141009
121401
132194
142732
126828
142532
101766
110119
119327
95758
132000
128112
116757
131027
124531
105186
132438
139803
117710
114325
123956
108705
161393
130821
121769
138804
127890
119835
130399
130622
104817
135474
156232
103469
121919
137705
145330
154360
117564
116037
130035
133640
114769
129647
98802
134104
126316
111363
127782
128922
142648
145989
115285
114553
119825
138068
143642
107565
105798
108649
110398
100855
104243
134691
125941
134723
106931
120450
118829
146328
126103
114119
112913
136508
132276
114799
123108
118162
120700
147359
158872
112481
125705
149388
114203
118499
116595
151661
128121
122618
146362
137841
115621
107644
130737
117982
138226
125446
111902
123916
120516
116710
110206
128899
114561
127521
128817
113457
129135
142078
118265
116426
119635
128930
118840
103615
106751
145067
106759
152350
142295
145064
126500
133556
114055
121467
110199
135755
147007
92857
126872
131047
121817
138707
113569
120952
119421
136813
121050
94928
128941
120689
135567
117876
115346
116221
123957
118017
121587
130361
132551
117501
122344
129845
121956
135073
116584
121122
147110
137156
104145
100774
134306
117283
136041
101842
124440
123338
121188
133285
121518
143839
118229
108417
152753
143040
121699
146221
137289
140082
131942
147570
128301
116842
105566
115201
114547
149974
101441
133755
137810
139434
116408
101828
147587
107273
130771
122623
140550
80579
114002
120090
113521
120958
122458
125746
102240
140916
143638
110986
125150
97101
125506
146391
122764
135605
104948
123084
114960
127623
129085
153312
149134
145511
110063
112840
125982
116328
151431
142746
122318
121300
138958
109379
108726
105076
102807
119431
101286
133833
126400
130784
148405
126819
144361
116172
117942
134898
116393
116591
139522
135097
131949
135074
122884
120299
118805
119588
100854
116006
116193
137949
110036
108847
138332
107197
125812
114099
96225
113542
116238
140094
132579
119756
116861
115576
111490
114331
119711
145121
134993
131775
146737
143946
113350
125449
124016
100739
114736
111789
141586
136061
118738
92573
121065
89661
131245
109043
111814
116098
120158
135681
108533
112889
118152
109423
113783
141075
144123
107903
126238
88845
107183
98934
117580
100151
118694
139382
141861
154511
121490
111784
118866
130752
115768
133425
135371
102109
129802
124183
124074
115794
147887
133406
109261
127369
117992
136555
95285
101828
124731
131361
139270
134966
115351
143221
133769
130096
119407
111800
110614
120621
131713
130085
121180
131408
99843
123360
129092
128129
120962
120494
109525
128341
135595
114058
117346
147253
120952
123019
138466
121005
109670
139300
130825
114656
127616
115699
124178
126411
105153
102082
118290
108015
140098
138126
125141
123162
153810
108234
106410
119815
90670
127144
130099
114056
127108
124515
108135
139046
118826
110299
116943
135416
135841
128640
127611
135726
122623
113051
121839
114311
128483
134277
139983
147613
131448
116080
89182
143869
133790
125218
134307
111960
137743
108481
144654
122966
114789
133669
143857
131162
117651
136862
105710
105125
109105
140820
154740
107050
121445
138699
137808
139498
127147
142036
121088
137837
133190
129975
144587
148712
93708
143277
139045
118973
120571
134353
105958
126200
108519
95805
131613
138437
150410
116994
129768
129308
126230
148661
113127
122464
125413
104560
105014
95678
139654
98174
125788
116411
120382
134370
123269
162312
119767
117394
130893
126490
113586
123451
113825
105933
149490
100978
133352
125820
118410
104244
106620
135560
133458
156055
126194
119867
124182
137745
109520
110334
122630
159331
138393
129346
112730
139476
148827
118588
114061
123630
107331
122471
142202
130501
115347
128254
132079
122837
120767
117991
128063
125766
123519
114902
110116
139595
124189
133721
121723
136419
104352
130435
106575
122491
157597
116835
108665
126839
142453
107914
135254
90922
123792
136415
120921
134826
127344
138255
108761
131793
147233
128164
112471
103984
132226
137001
128230
138094
132112
132881
126212
130857
106307
131266
81471
127885
118898
135652
96864
132361
144164
117956
139953
125196
105554
124251
106624
117680
135241
144496
128816
109537
136909
137563
136541
143943
128385
126355
132013
134766
124553
128455
139501
137609
134788
131082
117815
107415
127847
132133
118486
113514
113599
133843
129864
138696
96843
120814
137256
135076
120520
139126
128538
126100
118929
121794
124384
133291
146767
105991
77649
123165
122172
115758
142449
147458
118024
112341
134619
140570
133570
128686
108440
117263
142625
124164
143626
113545
115798
158672
113343
143090
135391
121258
119621
112558
133003
121202
116535
110671
144522
109306
120308
114996
121298
146587
107994
137757
140505
120597
126254
117370
122918
122897
136050
131128
130236
137391
116366
135436
124146
121551
113979
94294
149823
142330
147921
131862
106209
126184
125444
112272
131541
147233
117916
91488
106461
133300
119133
130427
141762
123753
149348
101928
111400
103942
116903
122247
121911
128710
115142
139574
136306
124672
117412
114937
128268
121805
112422
125517
118681
98748
121582
112409
116780
118271
90071
149913
120290
101959
122711
121072
136362
133230
139492
123714
126907
124601
108116
136567
99164
129196
150586
118674
105664
129562
140391
127168
129920
112260
111923
138171
104465
149644
114435
121679
105438
117545
131152
133960
110109
129070
111414
119489
119644
99458
105408
123997
110767
115141
130385
135568
120561
119982
128138
138396
98328
103300
144187
116425
117704
110342
137261
125327
139692
150232
127639
100604
130000
113263
102506
132176
127456
113878
132357
126757
115690
118935
138219
119097
138739
105789
111685
151994
106250
104931
125435
134066
140294
132121
104200
158957
115177
144169
144841
126142
104461
111484
119962
115374
127927
132909
126369
134329
131025
127069
139403
158361
131389
115077
143161
126782
119326
98223
118771
123715
136344
106107
137024
109938
130730
149366
129212
114292
139580
114938
128638
126223
141398
118230
122115
100650
150724
120748
112833
142401
106191
125440
129950
125814
124660
103154
120338
114505
141537
106489
129978
108130
139533
100911
128992
139380
121667
121762
126429
119064
149233
138804
123898
134022
122753
106561
127741
146213
115963
131418
122559
116299
134598
114743
137714
121149
135550
108907
149926
120694
131251
138662
124627
134278
140403
112330
128088
134530
136656
104174
125457
143534
108762
135235
118261
102659
129991
130185
101956
142098
140754
139016
130907
114204
135325
127825
147145
148585
137490
131420
118455
121683
127088
125792
122322
158458
99018
144349
114692
137874
111839
104557
130237
122709
114083
106741
80789
138828
98696
133767
132166
126968
124257
131733
123656
139319
113931
88899
87653
112967
112403
126916
122384
125430
88379
127128
120915
118926
114084
115580
124328
130740
125780
128924
150572
109017
121639
97209
148262
133383
120407
116732
144000
137095
140180
134718
118063
145679
117952
104217
141741
129595
113222
110599
128544
124038
115031
131139
132873
111783
109338
104076
132451
112893
110914
107352
120188
120811
109470
122037
97123
128005
110424
159648
132091
115895
100199
102734
129390
97109
124752
134215
118470
131914
126766
120955
137581
121937
140250
118899
133786
127032
122781
93541
116072
114243
113582
139594
124334
140086
112013
139864
131567
133199
112100
123840
118570
134873
116676
124928
114958
117828
138384
123923
123842
120811
131177
128406
120057
112497
120084
146510
151668
145286
123249
108965
111202
151717
141755
117577
131048
81051
120039
147016
141612
141139
125079
137245
121900
133361
127143
130281
142065
87548
112182
130165
128114
134240
118216
133173
156217
128936
129373
113804
104515
127625
140907
141412
139679
150861
128002
122164
107448
136588
145611
138154
94783
143464
117916
125167
133739
127541
122369
108643
122174
149826
107924
121892
142484
119151
116663
158211
130062
132025
109524
120982
144767
127148
130850
148819
117524
126172
118368
138032
129111
117648
133253
147480
124347
138561
150534
126541
104759
122649
128232
130009
129789
115605
129790
126853
128884
120725
93061
127534
134516
103192
140648
143098
127357
124412
112565
127016
125512
124324
124080
158732
106361
120876
105802
125449
144311
108625
127266
125931
123366
120059
137007
118191
119012
142193
131242
133581
155111
144238
129280
139074
141815
148473
165917
133320
129841
135331
128266
106515
140974
142081
134544
135641
116334
160945
132742
124463
143109
112334
116717
121612
124202
127707
96892
111784
112521
119258
114663
119776
126079
110938
135434
125239
121374
130834
154933
116661
122121
102561
106869
141404
99139
118538
144678
136117
116587
107359
118256
153393
125256
121822
151959
132969
113051
96786
128254
142712
137462
147035
107856
130065
158180
116688
140479
105707
123006
133842
113305
130470
125806
127057
138025
126712
100585
118047
119352
132508
118791
126099
131408
118410
91622
144929
120579
131410
139213
129303
128124
129843
119246
122991
101251
147840
125881
120912
110111
131985
135307
124595
117205
129673
126405
146761
139754
103656
138712
120001
130230
130825
145843
142047
129460
116193
135972
106186
106983
140441
146460
117026
113980
122765
122133
101525
124950
112841
111298
124290
104388
130092
129126
117797
116747
137755
129875
125890
126045
136403
131495
132291
126806
143164
143817
138851
147795
121046
140813
121060
126645
160088
95281
112721
106143
122141
112513
111513
113405
117238
138291
115987
127348
131979
112042
135198
157633
105531
129447
116295
133157
134491
140272
126229
105739
120317
114468
108098
121056
150567
137972
115116
108868
113695
139462
110845
102626
124240
112500
100921
153117
136309
137372
137502
116330
124620
138144
135122
128450
117179
109254
110579
153193
130161
106667
123902
132113
148926
127201
113879
122131
146979
122817
110773
102168
118673
108260
123958
105707
119249
137823
117933
128425
129986
119624
132219
120111
132699
120068
124194
121642
116931
145912
108312
127306
121247
139244
112023
136399
106276
108605
131921
101372
143050
142060
117835
115582
145607
96392
120660
142623
115488
116172
128337
129491
133338
147877
137375
148482
135355
121897
145033
116029
113913
114351
135495
127432
142150
93429
121527
102452
121661
141582
134531
123965
132719
157801
115145
138308
134093
112644
125607
115241
92820
117400
108305
116197
105529
105421
105866
121776
135431
151280
154338
137068
91437
136044
113915
105619
150009
109081
134177
124248
116599
117050
114321
126046
108534
113584
121503
123062
116303
101557
102502
125607
143868
137568
109569
125199
137652
125104
105534
128061
123949
118016
128566
129916
115841
145015
127765
140742
128843
95524
114142
131277
121879
109827
113030
138546
114433
128490
115635
136303
118745
105708
118657
152566
111841
120914
122495
108837
120705
141358
120989
126943
137152
131167
130730
131696
117325
114372
110564
126262
102773
139164
126752
134688
124296
107900
139934
111261
124935
147223
129666
119775
114732
144479
138066
136741
119426
131503
128099
128284
128915
107890
117710
112217
110669
134219
133631
140611
126096
103796
94913
147398
110172
101220
125476
129875
136789
98877
124449
138178
127387
100966
123228
113302
101116
124570
125354
137380
125626
137779
129970
132599
137794
124894
138864
101812
118319
144649
88988
130463
120856
115052
127263
122944
99767
128099
134740
110748
114949
115719
127620
133880
143965
124538
143482
94112
119929
127810
126349
132460
128679
116256
163068
113238
131981
137622
132858
130767
121246
92850
151381
107087
109167
103457
103732
134624
127565
131655
135131
125599
145024
124142
116312
107329
116128
118151
121911
120345
126463
98763
121183
125873
122847
125140
138441
100022
131400
95312
128448
107867
121934
106246
108601
119988
113836
104871
140431
118547
125234
122237
111709
133748
140133
119732
150746
140429
88993
121635
120928
125951
125755
120765
111410
148833
127402
132102
113148
103077
123900
128729
135545
105458
168640
125131
128482
137373
122389
115057
123767
119184
134222
132785
143180
122437
136284
112212
143296
131719
96650
133408
132771
157087
108324
110828
97789
131240
136341
106445
119749
123003
122009
112957
138484
111110
127086
123380
138446
125127
124700
131862
119280
80582
129102
106860
93005
160468
131024
131083
129601
117454
101520
106774
125386
141790
118574
145348
92197
120470
105976
144172
127136
157702
122432
133656
129717
135753
127492
139541
106277
166226
126597
117552
133967
126182
147723
132828
125323
117173
108962
140977
122336
133000
124909
123955
127648
129805
104817
137932
133849
108770
118422
111126
126793
146475
117917
111684
118677
142307
110542
110240
112413
124436
139545
120799
118919
140996
141916
131280
89682
125611
104858
110005
151417
118108
118853
125151
136546
115142
116006
149573
130241
127019
139811
130782
139929
138612
120986
116856
131155
129671
105702
100317
136517
125070
114307
120667
145308
128885
107722
113107
126984
146607
137016
118626
129150
102757
119863
114381
121553
117292
112746
128052
129103
136956
143748
106202
148530
109121
141433
97488
138485
124389
94669
138911
104423
132836
119739
121540
123779
106268
97267
121975
128382
136493
122823
140568
117469
99472
107027
117633
124718
137055
112221
117280
142247
106370
121786
139722
111031
85989
137310
168983
131312
119587
92607
166870
134594
152989
127049
131436
110443
137257
105565
115652
134864
120017
137406
114521
127951
140624
140031
126624
126116
90549
159034
97719
126929
133330
134958
149401
113200
120373
138855
128695
141765
143448
131244
110826
110202
121995
143742
145864
109136
90775
92283
144627
115199
136790
142208
124143
113989
139104
113238
131705
137773
154786
115945
126276
136794
130387
122736
114116
131534
132118
97416
85404
120380
136837
141281
121519
141170
109331
145787
116246
130496
146661
134773
122127
159670
141596
141856
122041
167014
116210
106843
117066
151123
123067
94445
99383
128318
134169
136276
138964
129624
124828
105234
128586
114663
119169
136479
133386
146966
111623
103926
107389
105187
108761
113675
111136
139015
143323
80615
153006
156343
120658
112922
126620
133867
150627
121782
120402
137099
141029
126400
109435
102680
111929
105159
135909
112280
127436
128696
122488
125518
134060
138309
136609
106775
139595
164336
142300
137293
120658
121428
129374
126441
134289
147127
98204
125479
121550
119390
119870
124630
99985
102744
121275
134110
115811
114705
138254
125606
97258
112739
142837
127018
118259
115516
106630
123334
123159
136400
99285
130960
149174
140491
113185
103118
140585
134108
132648
105514
125811
125705
119882
101170
108584
126589
136588
122793
117821
139071
106892
135077
112134
119021
112274
96505
129348
126620
116511
128577
126835
119414
110560
115794
115630
130774
119355
136704
105195
110273
130279
116638
116367
117384
125138
125162
135414
111172
125328
127259
133103
120295
128306
133524
138312
132945
146753
120762
144090
98077
149981
144668
143940
159623
117789
123236
118395
121200
110825
143614
116875
126749
104266
111550
120319
109963
126845
138316
158778
136662
111977
145906
130563
138203
134384
141056
150207
133571
123660
126518
133290
125342
149932
120001
127941
141578
137747
140177
146662
116548
101770
144369
137358
114716
125960
125142
106433
108542
98781
112411
131965
124738
119342
125523
117765
123955
103423
126582
133834
136036
134159
126271
125382
134360
156635
129980
130578
146421
100358
146601
132587
92161
101084
119992
130923
135541
122069
119362
121334
122978
151965
98383
132857
149886
140384
131178
121051
121487
112003
131112
117946
122314
121797
116222
129320
131051
128495
117106
136783
145013
137599
130655
110998
111060
113701
136233
102640
123691
115444
121822
140904
115451
119170
127254
107691
131405
124361
127645
131327
124516
136863
114081
125965
137497
129422
128357
144199
122699
128552
120028
132051
104244
147705
126696
119300
136885
133840
124120
132256
118599
144504
113850
107707
119979
126644
146315
120730
142195
108360
113644
129938
111195
114019
120309
136846
125751
104370
117586
122308
112514
125134
101977
114241
134245
136878
126013
102817
127249
122560
135096
114747
127304
100805
106346
125795
115914
131127
132142
146766
124675
114706
106460
146335
135362
110586
138256
102771
135696
118383
131696
117478
125227
138140
102685
114088
130921
149102
109449
128134
160759
139729
97919
109576
146861
138388
119968
119279
109047
126390
120805
118903
132225
113213
153539
126507
139388
143942
120159
131184
98364
115867
121505
111364
130643
130757
114275
139093
117417
126461
135702
113952
110090
141617
122656
123820
141210
163571
129191
129220
127784
122831
131618
149631
125618
142741
140115
117324
125681
151462
136656
129406
123572
117321
130919
130150
156167
132875
114360
131736
138837
121893
131239
132336
135014
109541
127310
120103
127024
120022
116218
115614
130885
123696
123900
124261
131453
121355
147920
138868
149442
125058
105206
126186
123735
127569
145942
142015
138108
98091
144671
134050
116691
131317
142475
118139
123542
120459
137471
135199
128466
105908
119188
149033
120876
119365
139729
131684
142050
101943
142446
146635
132695
104045
113166
129242
116537
135529
115703
127489
131307
123743
144323
147680
120978
123395
96927
144148
130945
150444
128021
117729
123708
129426
127939
103900
122215
126376
94442
120865
117927
107381
124416
147794
136469
128158
123636
127412
140048
143790
149160
138652
131123
137461
121503
112488
131824
113505
128881
150974
145120
129165
100629
145279
141956
125314
135699
97064
131007
120483
100797
133761
131293
119572
117249
120153
143926
118725
140619
133097
144348
146201
152528
110916
115306
136402
121505
120985
139544
122627
108233
140802
118142
146857
165953
121640
119743
128418
140864
132070
133717
120376
136824
110396
133501
126234
119385
154268
113077
129045
111977
147346
131739
129863
132624
141022
133187
126689
147221
103462
141329
106685
148049
144092
117636
121556
122324
129656
123441
85425
134198
121270
139035
137848
138084
120514
122949
149294
111413
127518
117688
132806
127016
124768
142597
120691
115137
128799
127317
124144
139712
133632
140146
118775
126378
140056
135367
146832
118601
153418
141131
121407
94478
102047
128668
106800
142316
124310
158591
115742
105496
153530
111665
132109
142052
123540
118228
121063
100274
134294
128396
139057
121323
147193
126680
110724
137445
123573
161036
127168
127015
108138
131462
136752
162023
109249
114003
106431
119092
128240
128221
133618
119010
138856
117906
128220
130898
141366
133565
102355
115533
109421
126842
127096
102838
127642
133308
105824
119359
115319
113330
132984
114261
142231
110766
118115
116448
114819
140231
109829
120866
127039
106637
137088
123770
141607
114948
109411
124526
132537
102354
104540
130690
119236
116648
145856
122167
136069
152019
111194
116178
117427
125106
109408
114549
116199
110596
106468
132290
109479
123891
142572
108511
150735
127995
134308
97315
151330
95606
139514
129408
126924
108725
132321
149782
118816
102823
124451
126241
107659
129453
125276
149359
157343
125370
123303
121640
107019
132652
132416
138624
144564
115552
117171
139522
130793
121752
127145
120004
140105
113437
93367
117907
95517
139726
117128
105449
133863
106838
127679
127254
117094
113842
131795
97625
138554
104901
106396
135931
161375
117144
118511
132115
98060
144487
101955
132074
147641
119434
94061
117180
121412
149182
119495
109243
131740
120621
119762
132836
132280
139315
131734
111887
104646
118550
128159
119947
124003
132305
134977
134810
120128
120148
107587
102357
109204
97374
116557
103470
116116
119344
139171
123888
130230
121481
108618
125181
141098
120873
135314
123145
130028
114195
110129
112265
98367
115799
147587
121428
128895
122342
139290
114886
132642
131413
114979
140539
101324
125444
144661
145774
141559
111269
121340
122650
140313
127612
124215
111829
120842
107733
118946
123230
112134
134875
141268
119933
160374
95280
124403
121577
139209
133621
124158
130555
90606
132691
98287
148455
133501
130173
132608
116867
146617
116406
130449
119846
95641
123042
140986
125011
122902
115273
134287
133906
126088
118807
144905
117904
130656
119633
134726
126939
116632
107349
142010
102394
130273
133339
99901
110197
142524
148221
96947
119553
128897
127870
131134
122330
105422
150913
123603
126930
122110
140337
122560
103361
121623
118040
125673
121104
126365
135004
105230
115153
123723
141820
106934
128294
122808
130856
137510
124891
127000
111585
117468
120663
132320
105158
104962
139981
143006
124946
125896
132794
122182
129623
124107
140886
134363
105445
138147
121434
132983
102495
121774
125437
104910
125863
124248
116280
96350
120108
132738
150540
96953
110244
102725
140091
96236
153552
110014
134501
113285
125038
149005
113644
101970
133532
89104
119769
137729
134927
109436
129016
133725
147795
117305
114104
111162
136366
158576
120874
132729
109931
120927
128597
118110
122263
135987
154180
125383
116935
104606
129199
124641
121776
152675
118799
139370
145733
121232
139316
130897
145283
121724
109815
123330
135248
138681
122466
122042
101588
114840
129834
118325
141973
114400
116122
103152
127648
130583
126579
131126
129152
113068
149074
128752
135106
131042
136293
111115
118327
146382
129746
116496
106647
129764
126388
125215
132793
127214
135995
108163
128417
110543
100744
127481
122432
158916
127921
97264
111950
122068
109791
108523
117379
122466
135507
126340
130746
122909
132532
167297
142262
120723
130634
125019
143594
125867
142375
119576
109031
160728
97104
100977
123409
129345
133125
112051
122517
118226
123354
117558
121982
129070
126406
124714
121247
141671
118709
120135
123882
161803
130210
140026
137573
126576
113392
125086
145991
125022
109079
113165
145737
120689
135341
137392
104400
131571
94614
131553
140831
131505
132360
129329
137533
127307
135327
101215
110519
107242
143695
149373
107805
107382
131771
123514
147236
112650
125259
125389
86843
120745
115899
107416
139587
125819
137614
104610
104108
108763
118583
108254
127120
128111
139671
120649
107310
133796
135623
122773
102166
138764
132224
132914
108602
99789
131306
116490
115199
106653
123835
149909
134561
142236
122215
129313
123497
114587
138382
119544
115005
134032
146756
130006
140701
152085
124423
109503
126872
129060
123602
111679
96765
111799
105198
134325
137842
102991
122513
114217
95289
120087
135702
129347
119766
126344
109558
129721
124834
133511
155671
117691
115253
128112
116146
130886
105023
113604
141209
106250
144690
135107
119936
111611
139053
117245
125486
149969
98815
134204
130759
133788
121166
105710
111116
149395
95186
110071
155391
150464
104367
132281
108009
105705
150729
142818
123682
132791
140190
129058
118997
137557
100042
121937
132029
127105
112159
94740
152643
126955
120657
125714
125125
121385
107383
156403
133048
95517
150365
113609
103825
87140
131287
141791
123005
129003
139645
112250
134324
128121
125305
149983
84830
140022
144341
114536
128630
146735
127826
157326
134610
140171
126542
104191
149339
146387
126285
94623
141641
148660
126273
137224
112234
138961
144061
123914
113607
125507
134437
114602
136589
113653
129257
126888
143652
123700
103210
147596
127318
119988
108585
130781
101932
99414
128741
144899
147063
134764
127066
121117
132854
132284
134606
107711
141153
140760
128721
136895
111379
128871
131412
106520
95404
118213
123343
134392
110068
127936
135614
101642
111465
110357
139455
130504
109788
135898
110528
116779
118277
142075
97096
106269
110129
120361
135100
106269
109303
139482
123705
110258
122240
127558
121440
122457
140575
118732
139195
118243
107975
128100
105777
118321
103467
143429
135445
125311
112944
142911
94686
113594
120976
138642
104971
105001
143307
133969
127322
147800
108213
119488
93566
96483
126184
127608
150410
139836
144445
102876
123864
130275
100423
167094
134747
111176
111525
135609
134588
116366
107982
115995
99306
126357
124460
144646
110663
145150
143440
112250
108578
124800
101973
111211
103679
98843
117364
118853
132120
133707
127800
114588
126502
138652
152696
148887
131065
112812
145927
130946
136234
124500
114119
146700
119186
98948
143682
129165
120273
119096
114027
160189
116286
110337
114732
114323
125922
117486
121898
127576
109552
108507
127492
146160
147774
130217
136448
128728
130168
118095
146028
136714
122822
108897
133857
114282
122683
126900
133491
118676
119483
106446
114634
114023
142847
116547
106089
97247
122586
144376
113061
127705
112770
103942
118007
146058
120605
137429
138558
109718
144067
139748
124981
114115
113135
120813
132676
141626
130363
147391
115190
111736
115268
120007
112279
125613
159532
133644
126884
126581
130858
112075
141290
112749
141969
128122
112278
103165
107692
155332
152794
106140
128580
108592
131250
133279
105244
139549
143500
160735
110817
124285
132714
107929
106200
112192
88605
121599
135865
126092
127555
93361
131525
103184
110525
100280
126633
106807
82290
117712
126569
131790
120646
109554
130596
113304
111689
111903
118941
112407
109831
118522
147002
141185
113018
105703
151480
113585
101690
99392
151127
124682
151346
128869
108067
150154
101747
105053
145590
131685
127182
115224
101185
100985
146469
135165
124537
126669
113505
152254
153101
129736
117167
146241
132530
135921
142418
143581
124297
115807
117705
110363
117051
155556
128381
117991
114168
127173
133530
102079
122666
105680
143537
123812
127635
115241
137183
116572
91153
122356
107964
119343
103467
122906
148091
124356
132543
130074
126909
123708
137837
118156
120439
141465
134766
137993
115225
146491
98788
114332
130784
120359
114934
128705
134141
147853
146399
138537
130882
119914
125055
129810
135535
125711
114859
113952
131717
128326
129700
137223
133652
118119
135035
131984
100289
153561
123470
123877
137312
137941
117792
121774
105718
131574
126671
104859
102299
145795
132431
94592
92186
127972
117350
121498
133578
97051
120820
131789
128153
114791
105532
128672
118525
147232
143047
119321
131918
97065
132445
114573
120844
122375
106316
106248
124164
130390
120916
130437
87174
115868
119670
116687
104833
126402
126310
131166
145907
117580
122663
110690
104914
117176
118929
128809
134795
125505
111148
109135
108142
146045
150341
101522
120370
154040
140842
123870
119905
110541
129392
141315
89864
136060
130043
104139
142420
143143
146073
134458
130559
103348
116937
125321
111693
142810
117323
145462
122190
145916
130186
129336
88001
129692
116249
111805
102136
142923
112035
109191
148796
105043
143789
110256
140055
120343
117701
130731
129582
103751
158081
123978
106295
99598
125246
137028
137523
126317
129204
115898
101989
109472
140239
132992
121336
123254
134728
126197
105209
112676
138827
130321
125943
115340
139105
128104
136768
130002
132119
140528
137295
114104
140177
121140
126533
107393
117755
124849
133988
143740
121542
132903
95153
96665
140929
112114
128955
135445
116816
111910
133232
129191
108610
142309
128889
128662
122876
127858
103146
142829
120528
105174
122388
126301
131548
123231
88917
123256
118933
119709
162825
128710
131210
125064
155884
127283
113793
135728
136651
152331
122901
138568
125125
111659
136895
111402
139068
109084
141685
135401
114043
125937
128576
130545
103998
125205
123547
102619
138504
118742
117353
102153
115299
133345
126423
129932
136244
95861
139113
117151
123392
120646
150719
136637
107377
116713
109702
94829
129054
143509
135784
120407
109014
136160
130914
134256
119701
124555
98415
122476
141169
135960
131154
108050
115528
127980
112523
112870
128272
116439
147817
104644
111418
138446
136209
122349
136147
105743
132023
114100
112787
122403
139698
113407
106386
102187
136004
117382
131900
131615
140072
123765
104197
113984
115510
99097
115719
132868
116908
121417
130419
117496
143377
117963
142318
135272
123608
126855
88982
142722
85788
126374
104845
125035
127389
97748
111070
142122
127386
132102
110796
120777
117422
110291
99622
133026
110721
99302
112008
109254
150723
123636
95233
122735
147306
154179
121070
123046
119205
88355
142211
156512
109192
137940
104179
96113
99355
121964
149695
123856
167292
125141
127905
125577
143383
128592
129068
116341
89421
129989
131215
132061
125193
130362
92468
116223
120570
140666
146307
115822
129150
159651
107420
134963
128442
118001
137543
115271
108903
113481
142186
132213
119243
143431
134801
159605
142743
136883
114329
102575
104218
129016
117297
107042
128958
147179
105846
128089
110754
112662
97647
116600
130996
102746
119224
156168
117943
136838
121217
139224
120870
131804
131589
122547
108958
136777
127810
117646
132794
125362
135935
151422
110258
141170
143150
102946
130161
117540
112979
120151
113844
123432
116243
106366
109519
106192
128121
137593
122922
140338
140480
126434
115102
137647
119538
110884
105607
131579
134937
114203
136205
125217
165717
116234
107029
118116
150779
137201
128720
114660
133932
98408
135096
131798
137145
112393
138029
125366
152177
114376
136079
124607
139325
128680
113680
114343
140655
120748
124330
129610
109033
120751
125936
106335
111101
143123
121426
114343
94243
141159
131369
110114
134945
141845
145054
126758
119600
135773
120073
131618
114374
137802
120816
145725
141945
100564
127941
121295
140303
94499
133450
127450
143877
120111
121591
137798
117070
131921
121431
156988
112561
124507
130733
106359
114382
118779
149710
150519
98076
156436
96051
139366
113871
122155
116953
142410
124707
103669
111788
124482
116087
133269
123885
123198
128509
140001
128407
131079
149336
113900
110337
131671
125452
99796
155194
116487
130626
126002
143049
129345
142609
137672
133870
133765
128763
127166
128621
122498
123085
150508
141977
105428
123168
118027
120120
133103
108959
111186
132610
129943
131362
131563
122278
136125
138841
120105
122797
115708
118643
130445
127686
122791
132680
134949
97680
99350
100079
122556
101467
143387
129246
119318
130238
141432
149683
115193
119081
127502
120757
115711
111757
119336
137486
110988
124155
151063
104588
156862
118610
146194
109008
137572
128837
123713
136896
106211
110302
121239
114257
130235
131113
135616
149951
124799
132489
120222
103996
130655
116011
143475
108332
133331
145344
123616
109329
136307
111653
117582
136457
123845
141156
113357
151510
116904
134876
123962
120558
116885
117959
126918
134435
133391
117330
102751
142913
104356
158664
148866
108264
105125
118028
123654
115728
144102
131326
116613
145489
141518
115028
139968
96640
133946
134175
137126
148288
117482
131794
127664
114951
129478
112504
107634
122827
128399
120715
103684
110894
124332
135450
117714
116160
126782
124327
131527
111627
115149
116179
145910
124364
101099
130670
125421
126014
126135
117200
111390
150583
127265
109877
128765
104669
133423
121996
143163
120395
124349
142347
145177
138886
117688
131308
123779
141023
121355
128012
123795
134077
110285
115069
138984
132190
115664
140487
139942
131902
112661
120647
130889
119359
123634
115021
110783
138154
123325
132032
134090
135287
137022
122371
105324
145322
109077
131225
109979
141003
132486
118157
141124
111689
125526
119704
113380
118754
105247
110451
111123
88534
106443
131590
129916
146793
115826
124509
129614
136921
126732
121244
126578
150518
108028
98747
124835
142804
126118
129438
134840
134709
135153
144355
159373
117928
138048
107966
122538
137798
158017
147800
134281
153261
142293
135045
90507
110493
141180
121498
103147
164642
109674
107134
120775
129706
126283
129233
120596
137654
132548
115304
119066
113663
140638
157019
73066
123326
105533
125650
125692
112298
139203
140469
119975
121508
128282
136432
132280
148106
148320
121289
121473
131947
130352
117573
124554
120820
121450
118958
121216
127122
116032
118209
100484
145611
136847
127473
123192
119736
118707
126211
115953
116253
103031
112552
124134
113331
104673
116723
108809
105239
102636
117608
133639
102677
107214
116009
140451
129933
126518
101906
109875
122736
120863
103700
127949
116025
118526
125266
154091
117651
145297
116973
122481
136694
136692
115800
130425
134908
135681
122179
155379
133771
113315
106671
124099
100201
106279
151514
131621
122391
115255
100007
151561
133408
142481
123297
115322
143633
105690
111256
148193
141208
118304
129629
114055
127033
137059
101968
117299
114083
129761
122364
113653
112197
129710
103942
150360
128022
113521
115820
115281
134260
113688
129352
116694
125015
105118
97651
106053
122742
135194
125989
127715
161157
141091
101319
135836
108592
105082
131873
138757
128791
134403
126907
135610
163628
123003
109982
132260
90032
118787
150583
134130
120827
151904
135716
113056
112695
151384
140430
158272
139050
100079
120600
119426
126570
121501
125130
135478
99688
144082
102515
94937
137952
135987
135610
101908
122658
114691
106886
128419
137773
142333
103612
112371
96288
100990
120769
121785
124587
131206
121513
122724
114019
142785
129035
116001
129775
132944
147991
142787
136999
117823
137228
96271
105627
118634
136102
121151
129452
138024
125323
107241
138814
135368
137039
114352
127109
128895
145490
103872
126942
135290
135054
117055
118138
129493
135393
118967
130880
155317
119188
135452
121473
113711
131785
119628
122184
115189
98098
135402
132894
133034
129352
137110
108910
110734
125223
132248
121743
108219
139522
142679
140455
119003
129446
107277
109079
117874
139645
144683
123492
134382
139577
128790
107863
116256
105217
121425
138203
132143
123791
105958
109868
104947
108421
133065
114986
112095
121299
134031
138852
120902
137416
121245
116724
145498
143401
133799
108532
137723
116225
145434
114710
124203
119233
138034
111809
143054
119385
140268
99974
140907
114832
138660
128412
131974
130790
128117
109352
110260
139644
110829
109859
118433
108340
122615
113834
118999
109436
125480
132670
116242
148533
119690
125917
147126
120747
123905
122404
114029
125441
115206
118009
112186
102090
117624
115148
104438
129330
159166
101915
148427
125152
111251
94630
164977
92754
100005
130981
110189
126833
101201
113541
116035
133853
117713
143740
141660
106435
99725
108145
109017
111622
133816
124985
137825
119606
93690
112711
147637
134231
120608
113723
115936
134665
132437
138745
127629
145086
157258
140920
127117
115586
146603
115296
81160
149206
128449
111420
119401
108902
131397
108220
117201
132339
125075
138582
134384
125390
125931
137724
111737
130494
143138
119211
137100
110106
133224
129208
124121
105202
118827
119015
98107
99212
116353
147468
107635
138607
108465
121618
143357
140534
117201
155838
101559
137998
91900
114093
114725
154778
112621
146514
129124
130555
134017
134490
139312
128981
108989
109412
140418
121787
130864
124898
116941
132229
113601
95782
113403
131697
122961
131448
124237
134750
126935
110383
101261
110284
113931
117057
141978
91478
119560
128807
131934
121982
101189
139088
142498
144606
111087
93089
146308
128978
157753
140273
138933
126804
87769
114030
113712
146841
118233
136399
128423
141646
127490
100177
122143
128385
120751
150892
113067
104462
145989
113499
137722
126652
121632
135890
141653
102475
139563
154724
112333
107628
136812
128554
117974
112219
106579
150388
150792
142326
158443
111269
125530
117772
119808
131297
152157
142662
122258
128824
135240
144948
129430
126969
138520
136906
139223
120450
117917
98234
131944
142126
117319
123692
108300
142905
125107
140076
165611
120388
122089
117149
121385
150313
135601
136213
128864
119331
118567
143382
89745
106976
130805
126643
137952
120105
120513
102624
151073
132180
144464
111529
125739
134293
125569
125236
137229
162528
146056
114333
148439
126956
117059
122913
132316
137418
128457
150935
125731
133980
131354
102601
107106
129278
128307
134510
130066
112216
138007
97420
112523
137342
117261
115236
138180
119275
134992
130584
110753
131736
128108
137312
120669
116469
119901
99177
136402
127543
134604
128758
117699
120862
138466
123155
142073
149721
125357
134431
125648
122688
125325
134194
140911
115532
131102
120595
115817
103513
135818
110753
114527
111777
112753
115579
151938
117021
108887
119287
120727
125274
139360
113645
100146
136340
113637
145065
138927
133126
136435
127369
107196
126965
101126
131129
126766
117967
106275
124856
144975
117822
116560
139914
146137
101036
134533
123506
141590
105532
130316
131807
119474
118900
125566
131267
142290
122474
120137
144111
110691
130010
146696
126776
131611
118362
107116
127144
141069
83970
152405
122008
169056
133107
113736
134783
138969
142579
151815
133529
144335
109906
134580
110677
116133
113790
107738
115693
152442
126150
144465
126167
151994
131333
123552
126892
151778
123301
119162
131885
102113
113629
134304
125061
132272
135238
143928
119297
115447
144510
129436
111607
117688
136250
116084
120142
104555
118583
125232
128933
124652
125326
141427
152648
131720
109919
109426
134862
116949
97747
139066
110042
137760
130258
116588
160885
122049
134173
110271
146449
135221
130242
114147
145575
120170
125726
126721
124505
131325
125014
127819
127205
126764
131044
107116
140194
106944
137013
135631
130184
127099
105475
117907
137627
110773
134001
105201
137551
112339
103457
112008
122891
111420
103661
109973
125654
134318
125679
112809
122673
110410
114201
142798
140988
139360
122012
104503
116764
141142
138756
121214
123779
131598
134653
138241
132961
130014
133672
129550
130814
116583
105376
121391
116587
115958
123341
101898
105109
123813
134820
103319
121398
142606
113994
138173
130082
125224
155888
101622
141704
116818
138765
146052
130248
127997
109822
90521
132061
120077
100356
111992
118432
125449
125518
125693
146727
123491
130387
107940
129415
111067
147182
111222
135906
119543
162651
142123
115647
129646
97688
154555
139085
112081
128004
123999
145420
134134
134326
103879
148374
109182
93066
130098
146532
126385
127779
140520
114679
152824
123830
118134
145311
112331
119173
96218
129905
140772
138417
116622
115003
117008
124838
102240
121933
148464
110973
133330
117567
127918
143945
118503
137553
104687
111021
126768
123312
116443
144319
105309
122682
137626
132443
97673
130390
143533
102259
128211
129035
123524
133057
103446
118619
124276
119409
139230
124316
99518
140089
149625
112776
127517
133309
137601
130063
129295
88116
108300
142626
120109
107641
121441
118362
134943
115488
131631
137975
92693
96248
128405
110479
133447
148814
141895
153002
135296
144199
126307
123516
100264
110704
114839
132190
128208
108996
128357
104563
112209
116434
136499
143687
129411
129572
122255
123860
126379
110054
127770
115667
128052
121246
131589
122923
129441
131605
120794
125540
117750
125190
97123
114517
120194
97858
133052
141885
135743
123043
114478
108421
122960
128423
124694
129006
114284
106613
115030
118912
115232
146148
100817
125602
146307
120375
124236
137463
143519
154200
124750
98971
129704
136052
128462
104826
121043
113639
108349
129572
147902
92705
136285
103576
120998
117502
142836
122663
133488
132974
132954
134724
109389
119279
118180
106142
137764
120753
144472
135300
119471
139730
128252
142836
133331
139762
102823
119341
112271
119540
149770
116141
105584
122364
151263
142125
136832
113207
122093
116431
121625
111600
134467
113821
151387
114598
149179
88121
96330
122025
136945
104329
126018
126729
119670
142912
134222
132235
95011
119476
107010
136441
114592
143808
154059
109016
131824
135771
120396
113031
124929
139543
121353
114411
116704
120069
123952
146625
142568
154743
126442
157554
137780
144243
151862
121132
114847
129028
140903
127230
134519
145135
131150
132972
106943
125600
141277
130342
145907
123508
131343
121263
94579
107038
111354
116390
108115
116251
147986
129478
112635
142749
96693
114804
128651
126260
143531
112341
119673
112709
106300
136159
112744
144359
127555
139884
126089
127058
114870
98933
136393
112879
127425
116392
113055
119345
97211
135866
121419
105609
143595
108470
110322
127454
110293
131173
119819
107230
143563
102617
121419
156457
134502
94162
128998
123232
127510
122392
128322
136792
108780
120475
116537
114623
124605
115763
96132
124139
129454
128204
125407
134032
126300
116404
121658
122979
136664
148330
113509
120758
127850
120519
115145
109216
101657
116590
102701
126155
121422
102007
142686
124603
121931
135167
104295
126166
126275
110304
123506
101938
152987
137694
130251
111910
124328
117880
109800
118521
115000
118303
143471
139012
115411
126217
110200
121856
149714
107736
132823
110061
108635
124375
139894
114534
107945
136321
139027
112680
148048
146540
114707
120079
83254
140596
89054
137980
129272
121104
139501
134949
134527
146884
125607
131363
132775
134059
113430
129513
149898
132364
111969
117899
113875
95079
129145
142441
139109
120907
132789
134444
100343
104404
119226
141264
151790
118243
137781
137027
121423
115989
129748
113279
107949
118979
110267
163550
107589
138680
131035
131514
144769
126867
106440
136184
122747
131978
96650
117199
141985
146676
108993
145235
138738
118352
142684
117902
101753
143747
121833
114711
111447
131753
155743
120166
116541
126041
126088
121827
135527
112637
112862
118683
144119
151507
116083
127750
125733
122318
122754
120528
96345
145364
93337
144771
122719
133588
137991
106647
119345
114419
120067
128519
138294
129854
98798
150741
106044
125864
120116
123488
97568
119782
121474
109347
131830
111371
141911
121199
126728
129675
130033
117085
120811
143723
135522
122047
135087
128386
106810
138998
101368
144162
123447
108458
99949
116766
101221
148167
117988
143121
123573
117089
107763
130548
105143
124746
126079
143443
121140
161567
108117
129400
123549
137725
114696
120702
127934
151465
161797
126585
106606
112778
128442
120527
127963
135201
116738
139979
128190
126359
133950
90156
141911
114844
117487
127980
124803
142818
158782
119518
135891
130688
138515
134830
131003
139970
106882
112048
123235
141131
114545
122106
149116
125081
136962
118969
143341
107697
114727
115061
116487
140101
111230
139427
126853
131142
141636
121370
107916
116864
126911
137939
114246
125798
115586
115706
125400
116607
126027
115897
124072
133221
142665
138730
114839
131782
125846
115026
97348
112032
125329
113873
110521
140200
101544
118202
135206
115844
117357
101710
132338
124578
118029
113330
117422
108495
134999
145424
121060
104347
133763
142135
85019
129496
134739
125062
119537
139304
114849
118369
108712
143117
109479
124839
126818
127828
122129
136735
156122
137940
128973
121876
122800
113859
103340
140858
133926
121064
154776
138590
129241
143337
121452
161821
110885
122986
108314
118819
93222
138113
112207
129686
172525
106159
143780
136937
150777
134937
158200
132855
112527
111420
121520
121236
141983
133177
136128
153629
101784
105613
125194
137733
115517
131292
131253
120396
125208
134914
119222
146243
126319
122755
140255
91500
135487
129870
121700
127958
123847
142013
120982
119698
93779
115579
113650
130544
123950
120589
87235
121570
130387
129844
116797
131868
145845
127544
119226
107782
121587
140327
123537
131819
116490
140293
107181
136946
145291
132006
121552
113497
114631
124328
132990
122932
101795
119062
97593
133918
128230
117083
154563
134469
125652
122260
112775
138741
142568
147412
135607
121521
114818
111331
130711
132600
136804
128345
126578
119912
118152
106273
148414
128019
139972
144009
122403
129720
133178
108187
119035
134092
115335
130312
125666
115668
100595
153264
125226
103661
115364
135105
121382
129343
135110
133487
141719
89303
114690
129520
124651
136443
129463
100065
117781
129512
134634
114549
129994
137139
112357
105731
95339
106386
93696
125733
138837
140565
102768
132525
104720
121932
132148
107088
114854
117889
132130
135570
144873
117383
128202
108308
116713
122669
120684
132749
118949
114223
149223
111172
117268
140011
141147
130174
172910
131225
122256
137894
135949
113377
127759
156375
108330
106963
142184
135501
154365
93846
124555
138855
110574
106013
133181
145147
119805
129871
147937
117201
118681
111671
139962
124497
136538
124558
136766
122330
99413
139374
116019
121714
149601
159335
124442
126907
156376
127082
148464
93879
122499
103620
123366
105903
143626
130672
143441
120497
131150
110565
128199
102072
111186
106695
133128
111370
129692
92192
128391
101726
126856
113388
129172
127112
112528
146136
129755
157595
118735
136115
106680
136866
126565
138463
113748
119347
146049
131999
122479
115883
140658
126914
108277
117413
120444
131074
126322
122846
143171
132046
132867
110716
113721
112491
101233
124992
123652
119199
104352
140827
129447
119436
125154
128212
104651
147560
126842
94256
128858
110447
110932
138180
117510
135755
118740
124494
123861
115694
142685
131232
131198
141184
94945
130007
120538
122378
120236
116605
133551
132093
143270
133114
115859
130612
114093
155551
79819
116438
111042
110241
140137
131784
119639
119961
128006
113514
101598
108671
117395
115945
128319
101926
130066
114069
153752
137238
123971
112631
146595
132068
116262
116853
137348
134774
110552
134346
134466
102116
124054
124680
111861
122526
123661
121756
119372
166976
127186
123369
157052
134773
150938
108750
139040
75972
143827
108235
126021
118872
113111
136043
123258
119569
102839
141675
156992
108842
131060
134123
127393
106495
105250
101693
134031
137517
115522
111069
129797
139920
129356
115751
122604
126064
114065
141729
113113
130831
129638
128994
123781
119031
108452
106150
117180
149846
102878
128599
152299
139519
134656
119047
131428
110093
136623
125387
112898
110673
109312
122673
115830
141660
98064
138333
130480
150882
119047
133730
137578
124057
138605
133383
149042
111664
73723
108658
135047
125324
148285
125047
130860
138771
127136
127852
141925
100871
121877
132051
137777
136602
136150
141612
140757
112559
123653
105045
99460
137056
123471
118180
100237
123126
109377
143433
126365
142897
94435
121641
126420
144875
124370
131861
121763
106483
120999
127131
106481
83757
118755
119662
124787
120127
121731
130705
139445
110910
122060
101507
131974
124384
131331
120225
141738
137915
137089
107407
105227
129528
137076
114502
121666
115527
106713
112207
108483
102156
98042
128592
118618
144870
99813
124966
112404
109686
110907
123140
135115
149615
173637
127928
121854
122709
111494
107911
106569
124734
125329
129672
124766
135989
119798
94878
147737
132689
85710
107677
125033
141236
136476
142408
161606
114835
115334
120897
145218
124659
119095
138569
139675
127482
134658
120250
117169
125671
104712
90925
118970
148538
129993
125819
120192
130286
136457
146720
108956
109333
136686
102256
128364
131936
122334
122230
115154
124318
128946
84479
134095
114533
135042
119252
92762
120184
124451
104811
117443
98530
122877
117060
104860
124033
115947
134413
97102
110416
121842
133549
138251
130623
118567
126737
130331
123808
127815
108809
119227
116065
128969
133760
131752
109939
125896
134554
126534
148307
113970
123545
97062
120753
129070
102280
125116
131933
132085
113026
114526
120259
112676
100680
133135
106596
108977
133583
122468
121967
122578
92133
128863
124599
124765
130240
136135
107012
143336
113727
139275
157451
134711
111336
115379
120066
143789
124469
89452
121698
110085
136971
111544
159154
99238
116757
119820
135452
134778
128845
131695
138602
119796
125980
130288
130213
108185
132434
103858
151208
122391
133394
132183
120231
130119
133417
128899
152782
128473
97279
99917
115130
109814
121551
113530
125635
119239
151266
120450
132391
109961
145624
124796
116221
158715
116460
132534
131708
121576
110230
135529
129282
134750
108370
102289
122646
130567
132723
117942
123848
119129
142526
148118
140870
127978
149135
104347
111664
129936
146684
132664
100621
131446
122124
137312
156277
122602
121575
106775
138207
105411
97713
136974
136171
130238
124122
117322
94790
125566
127562
149490
114338
135463
145636
119173
126374
113124
123541
125948
120104
121361
124175
123922
129214
131504
110061
125440
112661
127939
126099
118353
142773
127441
101463
117611
132147
103765
141281
119690
139680
110926
133577
126065
122096
113919
119255
161876
133125
135634
112496
114747
97141
129172
125720
117168
110303
128140
98483
111887
115718
130926
144820
131583
115520
133616
131537
137771
125169
142094
141929
122551
136463
106968
111538
133870
123449
105162
127191
140421
130644
138836
122641
160270
112196
111445
140415
134683
123446
126161
133728
129093
133898
126666
112339
123500
116357
131927
131821
119071
118948
135339
142490
122522
127952
122770
142588
167360
128880
152858
126269
118554
115221
151539
143635
128566
128195
132272
100916
109591
116680
117195
140196
114369
105077
113421
128383
130981
118344
133259
137682
133810
120068
121827
127474
114293
111969
128311
120347
96496
113127
104228
102155
138850
129228
114571
136756
106778
141199
106019
124415
112723
134803
85913
117707
108215
137488
90440
118360
141563
114011
126654
116244
128757
138550
139588
110780
102051
127325
127389
126438
113466
102688
143637
142527
116732
114178
137096
101406
124123
151339
166115
123343
130010
130286
121369
111123
103617
129891
99832
114553
127950
127463
112517
119038
131414
135993
131204
95556
138806
127905
158212
129082
141481
124871
129341
121047
111796
132085
133960
127602
126737
93833
137622
122541
146252
131518
143820
136550
82556
128895
122760
120483
150795
92250
111072
134003
140993
133641
125161
120900
110140
101813
97828
129858
121657
130954
134168
114402
128108
122062
122565
107604
139306
144491
140257
93836
123644
130074
92988
104689
107964
132269
124991
119336
134267
93291
144439
134750
127180
131918
130406
164207
155745
85239
124773
108779
100616
135309
118826
130995
132046
141677
128586
129861
107366
156514
120067
127073
136016
115664
110217
112264
143070
111110
139089
140562
127084
129580
127425
144759
108898
132518
128209
124230
119931
113270
104070
130256
139422
127524
113388
120980
106528
104791
152037
128990
115785
126466
120885
139946
105084
130168
126841
130580
128394
132884
116690
128339
137156
131702
110764
118351
126058
129755
126314
119540
105458
125151
135079
118194
118796
123159
120385
145036
110642
127138
122469
126866
129729
116961
124583
125319
114881
122036
127954
123224
132447
138898
119270
119178
121850
162201
131314
139753
130462
115901
137834
106873
115200
116499
112593
118822
124270
113734
125432
111613
113838
108610
113644
118627
114110
115362
123775
100863
124950
115942
121666
99430
128007
134809
146227
108973
118262
157367
109682
147661
133432
128637
149404
116099
150051
121801
103244
117706
130361
109828
141929
120918
102930
106697
147572
121750
115562
120665
139044
150955
97103
125849
114628
134577
118972
152887
142695
136068
149978
139064
118465
136731
122790
115218
133216
125373
141083
124490
124599
152474
124692
106378
137413
132132
119475
138264
100650
128893
138144
137851
108708
128576
108799
85033
122439
97410
125955
107621
126460
104705
125554
123727
119952
120059
137898
136824
122818
136922
126059
114484
108095
106696
112556
128089
129841
120730
109160
122187
94583
94254
112081
127883
120153
106194
128474
119953
136388
121800
85229
137431
155223
123271
99663
145762
126060
125566
125355
116918
121353
115310
117161
130763
124679
133303
132880
115445
119063
144770
143032
127758
102957
110175
102797
134364
123713
136403
120309
132000
145844
133801
117806
118192
113942
99195
115650
132189
116894
137960
121646
134690
109684
117743
117303
134101
136267
113609
117354
122593
109076
150333
99116
130860
133090
146561
112796
106101
118389
106173
120002
104460
119958
126459
138491
128437
131456
113982
116051
110720
117810
110204
143766
121293
115807
139771
105424
131160
133310
141683
127265
128387
119900
118548
132270
124948
113559
142890
121894
119957
100499
116188
113509
100344
133708
112718
123433
100121
146763
148442
113650
110277
118045
90495
131399
148940
126472
123191
126687
123350
85638
128796
129566
132271
137095
121629
146273
127389
123221
146234
131371
119256
144729
106968
125029
120121
118293
117243
132761
103827
140917
106569
95253
125235
105100
116061
111525
103536
84820
107452
131256
137743
125044
109124
154220
121428
111109
140712
133887
133288
103192
105149
111785
104839
128915
143716
128886
124674
114367
122478
100833
136078
110651
106778
108580
112129
133910
119773
113890
140869
124590
126492
127222
124090
150643
116804
116839
109838
111920
85945
121319
116971
108460
117791
138366
126482
142567
137239
147831
133561
126562
139873
128551
137783
143913
104893
109132
105165
136816
154287
129478
131465
152976
112333
123624
115375
108768
142970
115499
124606
155750
96088
106876
150843
144574
123220
131464
140022
154984
110910
144578
131453
128856
110362
129370
118528
133252
121906
125636
131828
139134
113534
107251
110224
100513
113149
137426
118801
124721
114033
128536
107096
117772
141542
140258
109434
141960
87205
124670
131829
102042
108865
135002
161530
145301
130357
140240
117533
114917
137204
142869
142897
128695
111359
124969
120015
104744
145702
125050
141917
147866
145637
106117
117145
117031
112452
122498
110458
147517
122661
140146
115881
123429
132250
137150
121615
111677
111538
129058
132814
122607
123651
123710
153711
104678
126872
122644
128505
118982
123944
107957
128559
97173
115121
115777
133407
115309
130815
142203
121572
89294
112744
135626
125350
120024
125840
113286
123504
133381
119162
130286
133165
125008
131954
104287
132365
113894
124300
132976
140361
123407
117011
97140
136485
142427
129265
130776
126796
133887
101506
121259
114813
139998
106126
120152
125062
154970
102550
100964
141795
115150
111428
129401
139581
126195
124196
152815
118064
124956
112994
113960
149127
124379
100727
127724
135108
150647
115009
100510
121773
140609
116545
113098
133777
134809
146682
133791
108265
109901
91314
140925
126552
112700
98279
114167
104222
129510
137318
127847
141465
115930
132736
128972
144911
129274
130048
117922
113494
123805
112065
142047
146772
141881
111690
128244
137705
114168
154430
110518
137580
112409
147924
115112
138905
122552
104577
116860
114260
109489
120593
104679
126482
119711
127806
124670
127682
122398
153826
112378
125000
138508
128919
117140
122227
132633
136871
115438
118778
90679
131501
106434
132567
125964
137608
113797
131778
128513
109967
123344
107014
123194
138253
80386
142192
132953
118604
118231
123785
120258
137319
150820
134387
163102
117876
136379
114573
105320
108866
122948
135542
117989
101606
148324
116219
117052
139843
127707
106976
123626
145887
142694
144297
122002
133391
106190
135506
126626
114231
131227
128655
118242
106936
143308
128456
115219
127297
130707
111196
148888
147403
110510
132803
117806
135428
131723
98766
140689
132011
146536
113857
143119
129969
129466
127373
118250
134778
128426
144976
131124
146985
139463
134463
109114
122259
134910
146314
135141
122317
118944
120522
128921
138503
153485
100190
107836
147092
153157
145362
129338
125094
109769
131529
118729
136130
125733
120071
128808
127892
130151
104581
119728
122178
116710
152239
119161
124583
138641
126287
139979
115597
146934
124057
108089
110046
116072
158038
109500
106549
134117
126776
123649
128627
139706
123617
123540
128197
130062
125326
120916
127330
113433
113455
136333
105065
131597
137262
130560
138829
123117
130282
117656
117001
161578
97712
127281
147227
100415
104169
127752
135069
132999
135630
126942
134616
113123
119320
128723
108436
122345
99733
130095
136512
103422
138276
155342
146684
129893
152335
137163
140625
125150
117908
141788
122016
137284
139274
132253
111801
122060
107247
126908
115053
120213
99060
121301
125418
130987
125891
111525
137528
140838
163440
131418
102635
139864
129497
131638
137575
136387
148806
124105
98509
103101
152359
124979
118071
120847
137622
118491
139418
119658
113699
129403
135755
135910
137944
120188
123276
125549
103322
142708
100464
137372
135471
135570
139377
128154
120274
139867
110392
134750
142206
118689
108339
129039
140177
103801
152852
136600
126976
116725
132067
119722
102067
114426
105226
148422
120276
121632
98437
145652
118264
130449
107063
123420
123066
115375
125814
131990
149067
111633
110450
149755
125311
140853
140103
126355
134701
125086
138042
129945
108959
133289
120710
127470
129227
129265
140481
102301
127383
128212
111602
150226
97387
119890
146906
128205
124375
111084
130981
161318
109994
121062
108113
111428
119450
121830
146287
121828
136166
129429
130059
134578
98830
141123
136347
117757
119892
129733
166034
103378
127163
153769
144606
118365
106525
111608
147141
127458
119106
135037
136591
116070
116227
120756
130416
140938
140864
141790
95181
102100
116702
133898
140739
141163
112916
117936
99939
94366
118433
112289
93615
132016
135315
120643
150765
119076
114706
141815
107962
111755
136236
124920
109906
94801
127976
144014
111384
103600
120392
110091
106709
93537
124778
137849
101146
121217
85598
124018
118065
116682
115910
118232
118686
112001
158286
122646
152926
118723
100413
114456
135779
126309
136459
130215
132215
130470
116531
129640
105166
134299
119881
134806
127659
139812
124331
124875
108216
102450
105288
137175
124445
155988
134918
129266
125921
153245
153445
153031
139093
119446
122373
125945
128780
124541
132186
144558
127282
116657
124991
116003
102719
116092
138333
145536
143078
122256
102632
84062
114439
146840
133181
118682
128707
130432
133909
142340
123269
115763
107835
126830
135548
128135
128279
133471
132331
152281
135373
114865
117176
139547
116214
120378
120439
137054
119736
128445
137314
122280
94724
108186
112405
134406
102535
132224
146692
135603
144106
100186
147394
132805
112095
112120
118898
143025
138177
119842
108281
130654
126104
130894
118346
123247
133485
125367
113738
150266
134206
133543
144654
113078
106208
132996
101964
140874
124297
106614
133094
131731
125442
130403
111778
91468
123179
128652
132828
106085
143749
131606
134992
96028
130956
124276
111980
103264
137297
124118
91796
137377
115012
131431
152262
137942
133827
138254
125592
152044
95142
136641
131524
121520
141738
112876
134166
149849
91634
111999
139824
152622
128606
125626
116895
113671
101664
143467
142038
141262
107241
106300
159728
116207
149137
100476
102605
118031
137203
127758
110417
125824
124024
130385
117687
150925
105041
112075
126134
127252
96998
144786
123153
145873
133847
132724
119171
138638
119271
118226
107926
117237
119794
141590
105378
133006
115843
120129
128862
135157
110000
109459
124688
112124
121593
123528
111399
91806
129724
126132
101425
103496
117278
143359
135294
134390
130538
142328
135615
123653
128021
117155
135881
110754
121608
120219
125032
94745
122452
125935
98027
122880
121327
135399
118957
117774
136283
117523
135234
121166
114828
135897
144433
132373
114056
136337
101920
141500
148766
104187
125581
150286
131234
151506
131258
144877
121340
129903
133259
116555
118226
120031
126739
128990
138181
109018
115447
125792
118175
122027
125829
130872
121419
117243
104055
129189
137375
116625
121229
141274
160735
126643
136224
101908
135432
126667
126462
124611
133972
129018
117152
130835
105223
102822
145266
134037
162534
137014
149612
128275
124878
122313
114668
132299
135478
131642
122534
106768
117735
162858
119335
116419
119572
101950
134246
120621
135382
114520
124833
135025
114745
127371
126197
131243
133477
132197
121697
137033
116006
121830
120322
139355
139470
114890
101154
132991
138792
151953
138499
127064
129488
124801
94046
141420
136594
119941
123098
136973
155066
105869
123695
140362
135163
143657
112694
116047
125532
115292
140016
99759
105532
123555
124430
145150
122475
129620
113780
110030
128751
165972
123330
119993
145805
118296
120364
126728
120878
121417
106413
104650
154293
106752
116445
123931
117568
136978
132415
143147
153075
153890
138653
97576
120753
100561
143552
113358
109599
146358
127917
128956
137093
163625
142417
124876
128705
131624
130257
129773
122346
129889
136351
123143
118468
113163
142033
119819
134345
133683
134011
119425
137469
131602
122601
129278
81124
126819
123265
127985
96284
109476
110505
124492
121205
108854
128148
149176
95512
135774
112596
105259
125902
138719
154569
113882
125670
124316
105711
106582
112429
112073
116889
138097
120644
132093
151918
131361
137527
116928
128260
130569
111284
106301
125527
98211
116400
103976
140419
120868
134259
163830
124920
135045
108678
129175
130752
114337
118267
112771
119273
126626
110299
144972
95760
139381
126355
115273
150702
123538
139132
115335
148027
109674
105472
137172
100700
127973
137760
120653
137982
134710
98926
143343
118992
119414
123644
116353
109059
146039
110415
119722
106598
135900
105823
116014
101026
127899
148057
106215
116311
114488
131179
111969
123242
131611
101632
115590
113917
129329
114600
123150
124529
115709
132602
103184
115504
119952
128832
117308
151482
107529
131221
124638
147848
121798
129269
132001
108342
145838
112379
115791
119736
98427
142399
99725
113221
139404
114791
129003
117467
92883
107890
108502
135631
150528
104415
132452
129981
113587
122973
137086
146252
121682
153812
113394
138593
142297
136506
104256
135407
119048
121531
125229
127518
120282
148692
127681
110007
104771
135310
132594
111919
98857
133476
156006
117085
128381
145144
129837
118260
139974
126581
153862
81510
140097
116371
117262
95294
138753
126152
143895
96155
124886
119266
112038
112289
123307
108686
118805
122984
149543
120840
110131
117627
124557
116023
132776
122535
128772
116213
128516
102774
144894
147026
117649
124508
118206
120028
115110
114453
127352
106921
132321
125046
134181
115385
127336
127689
119281
120681
129651
130563
124965
128914
136898
118050
133196
126055
126889
97613
128603
112815
112184
129858
138634
123155
105518
119018
117768
95935
143358
109270
103258
113906
157068
108017
124256
118952
126826
107195
110656
141685
156513
112490
124772
127065
98083
125990
125360
99975
99857
117082
108832
156982
150939
95433
114707
131928
134736
127230
149333
137646
104550
118032
117892
90034
110639
124927
121113
142541
141188
120244
109257
110191
113089
133717
152908
122315
110426
116094
135479
116576
122049
115062
131047
149362
123221
127980
112185
131673
133264
109322
116624
130255
128154
130932
104308
147214
140076
117620
125600
109489
131345
130949
137750
115926
134537
101283
134046
130802
133127
134864
133771
152345
109229
121622
123403
112146
137258
96886
127447
118577
132011
141127
144737
143450
107237
106682
147332
139613
117740
137896
108668
117232
126044
148343
129912
141640
109816
112536
104841
113642
152849
136924
143758
136802
124351
107929
137912
133275
103997
145757
97769
118589
116391
115889
120723
101832
127536
127866
129056
110258
109866
125784
134341
122218
120186
140489
131284
102321
147579
120287
108299
117131
122253
108265
125871
123882
145267
124487
110017
118164
124579
138266
133653
127520
131822
139340
142024
147092
106345
125026
131843
151729
116233
112814
142840
116666
124425
106915
119150
132317
141026
119767
109071
130955
115505
90358
147930
120518
114148
103938
124889
125501
146141
154188
134515
135210
138043
129739
121864
110778
118338
146563
138448
114333
109689
123164
117307
121507
148241
125460
136394
121244
114677
120588
130848
97996
124057
124733
147182
131575
117326
135759
137040
133049
115698
127451
137779
107133
115694
109274
116432
133706
134448
151272
109316
131322
139439
127396
111986
131773
131652
115685
127960
110303
126527
130064
123035
131637
111312
110431
135987
120741
134716
144849
125394
120614
141010
134857
155980
135701
150315
111070
147000
128538
113699
133812
127755
127698
128615
127405
120213
136587
137882
135451
122399
124223
117530
118528
109640
126003
122938
139566
131381
134259
143610
117967
155164
119183
116539
123411
119693
138722
126211
117782
133832
125950
118453
114727
121141
118349
108406
146970
113872
112468
120464
111253
130854
139643
123436
129021
129662
121277
128632
122995
132064
131556
118618
126890
133205
129866
88547
140318
117103
141363
116645
120619
135931
139589
107055
148843
136378
142487
136561
143234
96594
128520
83324
121467
128028
121690
127961
150741
120158
97101
110524
134222
131144
159681
139784
123031
129233
150076
119369
133143
112406
131654
148963
113536
133723
114925
117621
109916
115303
123348
123180
133349
86913
136699
136684
126273
113898
123777
104079
113587
113565
110446
126782
118343
131688
125414
115904
130072
129110
134056
130669
131535
141728
118472
114424
100565
127279
119282
109207
105715
113274
139063
126459
125750
141952
107490
143557
97828
116257
116642
138325
122161
100809
145289
143729
125773
90690
112857
120129
107062
109300
117983
137476
99730
106215
115003
118529
157665
142722
126746
108477
128150
113089
97173
143136
151578
135753
143730
99334
138063
110353
112402
98628
116125
134734
118915
139020
132951
126125
156497
105803
119646
137344
125127
124224
134597
143537
139050
128389
119178
138669
146023
116153
145684
138442
123276
131218
111526
116547
117837
158940
127927
118758
122293
116894
123949
107271
119820
124911
145127
138322
136626
122070
132092
117102
122268
115859
129339
113674
129940
127493
129745
119096
132455
126526
137717
134658
83224
119537
106622
122320
131529
123808
105196
133250
130621
126712
128152
139412
106252
142335
131346
143064
134605
121488
112655
136789
97814
134071
161738
113357
116800
153035
129230
142812
127437
118537
137611
157374
132633
124069
129973
143673
126489
126211
133349
123299
127567
107494
104699
107986
103863
127518
116178
127981
103707
115374
165580
151913
112576
111948
114873
123912
116818
128631
123068
127003
129097
125569
115626
125995
124983
125665
98165
149724
116448
110539
127632
120386
141843
105038
144085
122532
118586
121540
131025
131195
118565
132502
151062
115462
120316
124343
115397
134519
114284
135259
109049
125024
136121
127909
112023
119057
116477
104406
119898
114403
125076
102348
152777
137413
130805
116644
135874
158641
101248
135140
149223
122899
96605
120909
119745
122219
126336
109196
125494
128488
114929
139630
117733
146909
138923
148771
160309
134132
154775
117422
131224
154187
124889
125959
137968
110940
118883
134025
121255
129819
116542
113627
124519
143402
126273
125958
125937
131078
128025
129695
132702
145069
121719
106711
123326
122731
140474
123659
104315
122133
126791
142090
126694
101343
121155
115955
129051
145597
111227
132245
144107
163034
126304
126270
122891
142497
109267
135491
113294
137992
140101
123382
128307
130928
119283
148741
132341
122063
131066
109290
120039
130620
123135
135675
113376
109550
123301
138531
126246
130087
110702
146161
103280
110061
152882
129085
131025
110430
101942
155496
146634
142379
98514
124608
116206
121041
131988
107181
131797
109464
127663
116832
101680
133787
120902
133077
139323
129918
